	foF2	hmF2	TEC
00:00	3.75	339	3.8
00:15	3.45	293.2	2.2
00:30	3.45	302.1	1.8
00:45	3.6	307.4	2.6
01:00	3.55	293.7	1.9
01:15	3.65	296	2.5
01:30	3.65	296.8	2.7
01:45	3.6	301.4	2.9
02:00	3.75	317.5	3.5
02:15	3.65	294.6	3.1
02:30	3.55	286.9	2.7
02:45	3.45	289.5	2.5
03:00	3.35	287	2.1
03:15	3.25	270.6	1.5
03:30	3	308.3	2.5
03:45	2.9	283	1.4
04:00	2.85	293.6	1.6
04:15	2.75	315.2	1.9
04:30	2.75	290.2	1.5
04:45	2.75	267.9	1.4
05:00	2.9	286.9	1.9
05:15	2.7	251.8	1.3
05:30	2.85	266.8	1.6
05:45	2.4		
06:00	2.3	302	1.4
06:15	2.15	239.5	0.6
06:30	2	292.6	0.8
06:45	2.25	349.4	1.8
07:00	2.45	295.7	1.6
07:15	3.25	292.3	3.4
07:30	3.7	239.4	1.9
07:45	4.1	222.8	2.6
08:00	5.35	231.7	4.9
08:15	5.45	189	3.1
08:30	5.8	185.3	2.3
08:45	5.45	195	3.8
09:00	5.5	190.6	2.9
09:15	6.5	219.2	8.9
09:30	5.5	205.4	5.2
09:45	5.8	210.4	5.9
10:00	6.7	200.1	4.7
10:15	5.8	176.2	3.1
10:30	5.9	217	7.2
10:45			
11:00	5.925	192.4	3.3
11:15	5.975	211.8	3.6
11:30	6	195.2	5.3
11:45	5.8	189.4	5
12:00	5.925	229.2	7.9
12:15	6.85	219.2	8.8
12:30	6.9	208.7	6.7
12:45	6.1	191.8	4.6
13:00	5.751	212.2	4.8
13:15	7.1	204	6.1
13:30	6.15	189.4	4
13:45	5.7	222.4	7.3
14:00	5.9	206.5	4.3
14:15	5.425	191.3	3.8
14:30	5.125	234	7.1
14:45	5.225	220.1	5.9
15:00	4.95	192.6	3.2
15:15	4.6	214.7	3.9
15:30	4.362	204.4	2.8
15:45	4.4	230.6	3.6
16:00	4.15	224.6	2.4
16:15	4.15	216.6	1.6
16:30	5.15	288.4	7.9
16:45	4.35	233.5	2.7
17:00	3.7	212.1	1.2
17:15	3.25	252.4	1.8
17:30	3.2		
17:45	2.95	234	1
18:00	2.65	236.5	1
18:15	2.35		
18:30	2.05	245.6	0.4
18:45	2.05	269.8	0.5
19:00	2.15	276.5	0.6
19:15	2.15	279.4	0.7
19:30	2.25	301.6	1.1
19:45	2.4	297.4	1.2
20:00	2.4	278.3	1.1
20:15	2.3	350.3	1.7
20:30	2.4	322.6	1.3
20:45	3.2	376.6	3.2
21:00	2.85	304.2	1.4
21:15	3	294.9	2.1
21:30	3.05	291.7	2.3
21:45	3	304	2.3
22:00	3.05	323.9	2.6
22:15	3	325.9	2.5
22:30	3	323.8	2.2
22:45	2.95	301.5	1.3
23:00	3	328.4	2.2
23:15	3.1	327.2	2.1
23:30	3.15	307	1.6
23:45	3.35	328.8	2.8
00:00	3.5	337.6	3.1
00:15	3.4	294.3	2
00:30	3.4	292	2.1
00:45	3.4	299.2	2.3
01:00	3.45	304.1	2.4
01:15	3.65	337.8	3.8
01:30	3.65	338.2	3.9
01:45	3.5	322.8	3.1
02:00	3.5	321	3.1
02:15	3.3	298.8	1.9
02:30	3.35	322.2	2.8
02:45	3.25	317.2	2.3
03:00	3.15	318.3	2.4
03:15	3	303.6	2
03:30	2.9	291.5	1.4
03:45	2.8	305.2	1.7
04:00	2.7	301.6	1.5
04:15	2.7	321.8	1.8
04:30	2.65	317.3	1.7
04:45	2.65	292.9	1.4
05:00	2.75	288.5	1.6
05:15	2.85	258.6	1.2
05:30	2.75	254	1.4
05:45	2.95	291.2	2.2
06:00	2.65	257.1	1
06:15	2.55	259.2	0.9
06:30	2.65	297.3	1.9
06:45	2.65	243.4	1.1
07:00	2.7	231.1	1
07:15	3.2	263.2	2.4
07:30	3.55	273.7	3.7
07:45	4.1	227.2	2.3
08:00	4.2	210.3	2.2
08:15	4.654	209.1	3.4
08:30	4.975	216.5	4
08:45	5.1	218.3	5.3
09:00	5.925	206	3.7
09:15	5.925	192.5	2.9
09:30			
09:45	6.05	183.9	3.3
10:00	5.613	193.8	4.7
10:15	5.75	181.3	3.8
10:30	5.8	206.9	6.5
10:45	5.775	195.1	5.4
11:00	6.263	208.8	6.3
11:15	6.25	186.8	4.7
11:30	5.8	199.9	4.5
11:45	6.225	191.1	5.2
12:00	6.263	200.9	4.7
12:15	6.325	205.7	6.6
12:30	6.275	199.9	5.8
12:45	6.275	198.9	5.7
13:00	6.275	205	6.1
13:15	6.225	210.7	6.6
13:30	5.85	195.3	4.8
13:45	5.225	191.5	4.2
14:00	5.75	209.7	6
14:15	5.7	208.1	5.1
14:30	5.057	203.9	4.8
14:45	5.475	205.4	2.9
15:00	4.875	215.8	5.2
15:15	5.425	232.2	5.9
15:30	5.613	227	5.7
15:45	5.45	218.7	3.8
16:00	5.8	253.6	8.2
16:15	5	218.5	3.5
16:30	4.15	221.7	2.7
16:45	3.45	209.9	1.3
17:00	3.05	272.8	2.7
17:15	2.7	425.7	2.1
17:30	2.75	290	1.4
17:45	2.85	256.5	0.7
18:00	2.7	228.4	0.7
18:15	2.7	250.5	1.2
18:30	2.75	296.2	2.1
18:45	2.55	254.9	0.9
19:00	2.55	281.1	1
19:15	2.75	274.8	1.1
19:30	2.9	268.2	1.5
19:45	3	301.7	1.7
20:00	3.05		
20:15	3	263.3	1.8
20:30	2.95	268.3	1.7
20:45	3	283.8	2.1
21:00	2.95	334.3	2.7
21:15	2.9	303.7	1.7
21:30	3	310	2.5
21:45	3	317.7	2
22:00	3.1	311.5	2.1
22:15	3.4	323.4	2.6
22:30	3.2	286.9	1.5
22:45	3.4	303	2
23:00	3.45	317.7	2.2
23:15	3.6	318.1	2.7
23:30	3.4	293.8	1.5
23:45	3.25	259.8	0.6
00:00	3.35	253	0.7
00:15	3.85	275.5	2.5
00:30	3.35	227.9	0.6
00:45	3.5	219	0.7
01:00	3.7	216	0.8
01:15	3.95	276.4	3.6
01:30	3.55	267.2	2.6
01:45	3.55	296.5	2.9
02:00	3.45	302.8	3.3
02:15	3.45	289.2	2.4
02:30	3.4	273.8	1.8
02:45	3.25	278.3	2
03:00	3.5	306.4	3.2
03:15	3.25	274.5	1.8
03:30	3	259.3	1
03:45	3.1	290.9	2.1
04:00	3.1	322.3	2.8
04:15	2.65	241.1	0.5
04:30	3.05	273.6	1.8
04:45	3.2	272.5	2.4
05:00	3.15	263.5	2.2
05:15	3.2	242.6	1.6
05:30	3.15	256.1	1.9
05:45	2.65	218.1	0.9
06:00	2	222.9	0.4
06:15	1.95	300.3	0.8
06:30	2.05	284.3	0.8
06:45			
07:00	2.7		1.6
07:15	3.55		3.8
07:30	3.6		2.6
07:45	3.7		1.4
08:00	5.1		5.7
08:15	5.45		2.3
08:30	5.7		3.5
08:45	5.9		5.5
09:00	6.5		7.3
09:15			
09:30	5.9		2.6
09:45	5.7		4.2
10:00	5.502		4.7
10:15	5.813		4.9
10:30	5.925		3.4
10:45	5.675		4.6
11:00	5		3.8
11:15	6.175		5.7
11:30	6.4		4.5
11:45	5.95		4.9
12:00	5.6		6.3
12:15	5.825		7
12:30	5.825		5.2
12:45	5.7		5.4
13:00	5.5		7.4
13:15	5.625		4.7
13:30	5.5		7.2
13:45	5.125		4.8
14:00	5.2		5.1
14:15	5.5		3.6
14:30	5.225		4.6
14:45	5.1		4.8
15:00	4.15		1.3
15:15	4.15		2.4
15:30	5.1		5.6
15:45	5.25		4.4
16:00	5.5		4.1
16:15	5.45		6.7
16:30	4.9		3.2
16:45	3.9		1.8
17:00	3.45		1.4
17:15	2.35		
17:30	2.4		0.6
17:45			
18:00			
18:15	2.25		0.8
18:30	2.2		1.3
18:45	2.15		0.9
19:00	2.05		0.6
19:15	2.05		0.7
19:30	2.05		0.4
19:45	2.25		1.2
20:00	2.25		1.3
20:15	2.35		1
20:30	2.25		0.5
20:45			
21:00	2.65		2.2
21:15	2.75		1
21:30	2.75		
21:45	3		2.3
22:00	2.75		0.9
22:15	2.75		1.3
22:30	2.95		2.4
22:45	2.95		2.3
23:00	2.85		1.5
23:15	3.05		2.8
23:30	3.15		3.1
23:45	3.15		2.5