	foF2	hmF2	TEC
00:00	4.095	323.9	2.7
00:15	4.095	327.4	3.1
00:30	3.99	317.2	2.5
00:45	3.99	317.6	2.5
01:00	3.92	324.1	2.7
01:15	3.78	317.7	2.1
01:30	3.99	329.6	2.9
01:45	3.99	308.9	2.3
02:00	3.78	291.7	1.8
02:15	4.095	314.8	3.7
02:30	3.85	306.6	3.2
02:45	3.01	267.3	0.8
03:00	3.745	353.7	4
03:15	3.78	360.1	3.9
03:30	3.85	328.4	3.2
03:45	3.78	304.7	2.6
04:00	3.64	287.6	2.2
04:15	4.025	291.2	3.2
04:30	4.585	261.5	3
04:45	5.74	244.8	4.2
05:00	6.79	239.1	7.6
05:15	7.84	225	8.7
05:30	8.54	222.8	9.2
05:45	8.365	219.6	9.9
06:00	8.785	223.5	12.1
06:15	8.89	226.7	11.7
06:30	9.52	229	15.8
06:45	9.52	220.9	14.8
07:00	9.345	211.2	12.7
07:15	9.73	227.4	18.5
07:30	9.52	207.4	15.1
07:45	9.66	231.6	19.4
08:00	9.765	222.2	15.5
08:15	9.328	226.7	15.6
08:30	9.398	235.5	18.3
08:45	9.555	227.4	15.4
09:00	8.9	221.4	14.7
09:15	9	242.6	20.5
09:30	9.55	252.2	21
09:45	9.75	234.5	18.7
10:00	10.05	245.3	20
10:15	9.6	221.5	14.5
10:30	9.8	227.8	14.9
10:45	9.925	243.3	19
11:00	10.05	232	20.6
11:15	9.825	239.5	20.3
11:30	9.6	245.6	19.6
11:45	10.05	245.6	17.2
12:00	9.95	235.6	12.7
12:15	9.775	222.8	9.9
12:30	10.25	226.2	11.3
12:45	9.8	211.2	8.9
13:00	9.45	210.4	10.7
13:15	9.2	232.2	16.8
13:30	8.75	237.6	16.7
13:45	8.95	240.2	15.4
14:00	8.82	242.6	16.5
14:15	9.03	249.7	16.5
14:30	9.275	244.3	16.1
14:45	9.52	233	11.6
15:00	8.855	216.4	8.3
15:15	9.415	218.7	7.6
15:30	9.555	219.3	5.6
15:45	9.24	231.2	10.5
16:00	8.225	234	9.8
16:15	7.14	235.5	7.4
16:30	6.16	232.7	4.9
16:45	5.565	244.9	3.7
17:00	5.215	242	2.6
17:15	4.9	243.7	3
17:30	4.62	250.2	2.8
17:45	4.445	250	2.3
18:00	4.34	263.4	2.8
18:15	4.13	260.9	2.4
18:30	3.99	256.4	1.9
18:45	3.78	254.5	1.8
19:00	3.605	275.1	1.5
19:15	3.36	265.3	1.5
19:30	3.5	300	1.9
19:45	3.5	287.5	1.6
20:00	3.605	292	1.9
20:15	3.605	289.9	1.9
20:30	3.675	294.1	1.9
20:45	3.57	288.2	1.5
21:00	3.57	293.7	1.5
21:15	3.745	310.7	2.1
21:30	3.92	309.8	2.3
21:45	3.92	293.3	1.9
22:00	3.955	286.2	1.9
22:15	3.605	272.7	1.4
22:30	3.605	282.6	1.7
22:45	3.605	279.5	1.5
23:00	2.45		
23:15	3.815	301.7	2.6
23:30	3.535	282.3	1.6
23:45	3.57	297.2	2
00:00	3.57	306	1.7
00:15	3.675	314.1	2.1
00:30	3.78	334.9	3.1
00:45	3.745	326.9	2.6
01:00	3.85	320.9	2.5
01:15	3.92	320.2	2.9
01:30	3.92	308.6	2.8
01:45	3.885	298.1	2.4
02:00	3.815	295.6	2.3
02:15	3.92	299.2	3
02:30	3.955	283.6	2.3
02:45	3.955	277.8	2.4
03:00	3.78	256.6	1.5
03:15	3.78	267	2.2
03:30	3.535	252.5	1.5
03:45	3.325	270.6	1.9
04:00	3.325	275.5	1.8
04:15	3.57	261.1	2
04:30	4.34	247.3	2.7
04:45	5.11	228.8	3.1
05:00	5.915	229.4	4.7
05:15	6.72	227.3	8
05:30	7.28	224.6	8.4
05:45	7.84	213.5	8.4
06:00	7.91	210.2	8.5
06:15	8.19	225.2	12.1
06:30	8.505	216.3	8.8
06:45	8.348	216.5	12.2
07:00	8.4	229.9	12.4
07:15	9.59	238.4	17.3
07:30	9.94	235.5	14.6
07:45	10.22	224.1	14.1
08:00	10.08	218.9	13.8
08:15	10.15	228.7	18.6
08:30	9.66	221.8	13
08:45	9.957	219.3	14.8
09:00	9.85	219	14.9
09:15	9.95	222	14.2
09:30	10	224.9	15.4
09:45	9.35	216.9	12.9
10:00	9.325	238	18.3
10:15	9.65	253.6	21.2
10:30	9.7	248.6	19.9
10:45	9.55	238.5	15.7
11:00	9.725	244.1	16.8
11:15	9.525	234.9	14.4
11:30	9.25	240.2	17.7
11:45	9.5	243	15.8
12:00	9.6	233.9	16.4
12:15	9.9	240.4	15.7
12:30	9.475	224.8	10.5
12:45	9.45	226.5	12.6
13:00	9.6	233.2	14.6
13:15	9.35	224.8	13
13:30	9	232.7	13.4
13:45	8.2	219.7	9.5
14:00	8.505	238	12.9
14:15	8.54	237.1	13.4
14:30	8.82	245.7	13.1
14:45	9.205	245.2	13
15:00	9.275	234.7	10.8
15:15	9.275	230.6	8.9
15:30	9.275	237.6	10.8
15:45	9.03	232	8.2
16:00	8.05	232.9	8
16:15	7.07	227.8	5.2
16:30	6.23	233	5.2
16:45	5.6	223.3	2.8
17:00	4.41	214.3	1.7
17:15	3.85		
17:30	3.64	271.7	1.8
17:45	4.095	289.6	2.5
18:00	4.165	271	2.1
18:15	4.165	262.8	2
18:30	4.13	260.9	2.1
18:45	4.13	263.1	2.3
19:00	3.99	250.8	1.8
19:15	3.85	240.6	1.6
19:30	3.325	260.6	1.8
19:45	3.045	271.2	1.5
20:00	3.08	313.8	1.7
20:15	3.01	300.6	1.3
20:30	3.185	316.5	1.8
20:45	3.115	301.3	1.4
21:00	3.255	309.1	1.7
21:15	3.36	295.3	1.5
21:30	3.43	284.4	1.5
21:45	3.5	287.2	2
22:00	3.36	266.5	1.3
22:15	3.29	281.3	1.7
22:30	3.22	273	1.2
22:45	3.29	283	1.6
23:00	3.115	282.4	1.5
23:15	3.15	301.2	1.5
23:30	3.255	314.3	2
23:45	3.255	304.5	1.6
00:00	3.36	304.3	1.7
00:15	3.325	291.2	1.4
00:30	3.43	295.1	1.8
00:45	3.325	289.1	1.4
01:00	3.36	294.1	1.5
01:15	3.465	298.1	1.7
01:30	3.5	296.2	2
01:45	3.5	284.2	1.6
02:00	3.64	271.7	1.7
02:15	3.535	259.4	1.6
02:30	3.36	260.6	1.6
02:45	3.325	272.6	1.8
03:00	3.395	278.8	2
03:15	3.255	271.5	1.5
03:30	3.325	273.8	1.6
03:45	3.22	251	1.3
04:00	3.045	257.6	1.6
04:15	3.255	248.3	1.4
04:30	3.815	230.9	1.8
04:45	4.48	223.1	2.8
05:00	5.268	219.1	4.2
05:15	6.16	202.5	4.5
05:30	6.475	210.7	5.8
05:45	7.07	208.9	6.9
06:00	7	223	9.7
06:15	7.805	218.8	10.3
06:30	7.525	206	7.7
06:45	7.63	228.6	13.1
07:00	7.98	230.2	11.9
07:15	8.75	251.1	17.9
07:30	9.608	242.5	15.4
07:45	10.22	225	14.7
08:00	9.818	218.9	13.4
08:15	10.518	223	14.2
08:30	9.38	214.7	13.6
08:45	9.223	239.6	19.3
09:00	9.075	228	14.1
09:15	9.05	235.3	18.4
09:30	9.25	238.3	18.7
09:45	9.775	241.8	17
10:00	9.7	236.2	16.6
10:15	9.75	235.6	16.9
10:30	9.425	235.8	17.7
10:45	9.4	248.3	20.8
11:00	9.5	258.5	21.9
11:15	9.65	253.1	17.4
11:30	9.875	243.4	14.6
11:45	9.8	230.6	12.1
12:00	10.075	230.3	13.2
12:15	9.425	230.3	12.6
12:30	9.7	242.9	17.9
12:45	9.45	238.9	17.8
13:00	9.575	259.4	21.5
13:15	9.6	250.2	17.1
13:30	9.5	242.2	15.3
13:45	9.45	240	13.2
14:00	9.555	240.1	15.8
14:15	9.73	249.1	16.4
14:30	9.625	240.7	10.9
14:45	9.835	230.1	9.8
15:00	10.57	226.1	9.5
15:15	9.555	214.3	5.8
15:30	8.89	210	4.6
15:45	9.275	219.5	6.8
16:00	8.26	219.2	6.4
16:15	6.93	210.1	4.1
16:30	5.11	213.5	3
16:45	4.515		
17:00	4.165		
17:15	4.305	294.1	3.2
17:30	4.585	290.3	2.9
17:45	4.655	277.6	2.9
18:00	4.34	269.6	2.3
18:15	4.76	288.3	3.5
18:30	4.9	268.2	2.8
18:45	4.97	253.6	2.4
19:00	4.83	236.5	2
19:15	4.305	227	1.7
19:30	3.675	244	1.9
19:45	3.22	262.9	1.5
20:00	3.115	276.9	1.3
20:15	3.115	297.2	1.5
20:30	3.185	312.2	1.6
20:45	3.325	326.6	1.9
21:00	3.465	335.2	2.2
21:15	3.535	334.9	2.2
21:30	3.57	334	2.2
21:45	3.64	336.6	2.4
22:00	3.535	320.6	1.7
22:15	3.535	319.4	1.7
22:30	3.71	333.3	2.4
22:45	3.78	333.4	2.6
23:00	3.64	319.6	1.9
23:15	3.85	323.1	2.4
23:30	3.955	318.9	2.8
23:45	3.85	297.3	2.3