	foF2	hmF2	TEC
00:00	4.05	348.2	4.1
00:15	4.05	350.7	3.9
00:30	4.05	355.3	3.9
00:45	4	352.6	3.6
01:00	4	357	3.8
01:15	4	355.4	3.7
01:30	3.95	336.8	3
01:45	3.95	336.2	3.3
02:00	4	343.9	3.9
02:15	3.9	340.9	3.9
02:30	3.85	347.9	3.7
02:45	3.85	328.3	3.4
03:00	3.95	343	3.6
03:15	3.95	329.4	2.9
03:30	4.05	344.1	4.1
03:45	3.95	321.6	2.9
04:00	4.05	320.4	3.4
04:15	4.05	296	2.6
04:30	4	282.3	2.6
04:45	3.8	276.2	2.6
05:00	3.9	277.5	2.8
05:15	4.5	281.5	4.4
05:30	5.15	257.8	5
05:45	6	232.4	4.6
06:00	6.2	221.5	4.5
06:15	6.95	219.4	5.7
06:30			7.4
06:45	7.85	223.6	9.3
07:00			10.4
07:15	8.05	228.6	13.6
07:30	8.45	230.8	14.6
07:45	8.5	230	13.4
08:00	9.15	239.2	16.6
08:15			
08:30	9.3	227.7	13.6
08:45	9.5	223.6	18.2
09:00	9.6	222.7	15
09:15			
09:30			
09:45	8.6	219.8	15.5
10:00			4.9
10:15			
10:30	10.35	262	23.9
10:45			
11:00	11.25	234.7	18
11:15	10.75	234.7	21.7
11:30	10.675	243.1	21.6
11:45	10.25	227.6	16.5
12:00	9.7	230.5	17.8
12:15	9.7	243.9	23.3
12:30	9.875	256.1	20.6
12:45	9.65	244.4	19.6
13:00	9.25	232.7	15.4
13:15	8.95	252.4	19.2
13:30	9.05	255	19.9
13:45	9.05	244.5	14.9
14:00	9.25	250.2	17
14:15	9	257.1	19.6
14:30			
14:45	9.5	256.8	18.7
15:00	9.6	251	16
15:15	9.825	254.8	17.7
15:30	10.025	246.7	14.5
15:45	9.75	243.8	14.7
16:00	9.25	239.4	12.7
16:15	8.6	237.6	10.5
16:30			7.2
16:45	6.95	245.2	7.9
17:00	6.45	251.1	6.5
17:15	6.1	246.5	4.2
17:30	6.05	250.4	4.6
17:45	5.95	241.2	3.9
18:00	5.15	235	3.2
18:15	4.5	244.5	3
18:30	4.15	265.4	3.6
18:45	3.9	280	3.1
19:00	3.85	305.9	3.8
19:15	3.65	275	2.5
19:30	3.65	290.1	2.7
19:45	3.6	289	2.3
20:00	3.7	292.3	2.5
20:15	3.7	295.1	2.5
20:30	3.75	302.1	2.9
20:45	3.7	302.4	2.8
21:00	3.7	301.8	2.6
21:15	3.7	300.8	2.5
21:30	3.7	296.2	2.2
21:45	3.6	289.9	2
22:00	3.65	299.9	2.3
22:15	3.65	297.8	2.2
22:30	3.7	304	2.5
22:45	3.6	291	2.2
23:00	3.6	310.2	2.8
23:15	3.6	315.2	2.3
23:30	3.7	338.8	3.6
23:45	3.7	326.6	2.7
00:00	3.65	312.7	2.2
00:15	3.7	318.8	2.6
00:30	3.75	330.5	3
00:45	3.8	333.5	3.2
01:00	3.85	327.2	3
01:15	3.9	318.8	2.8
01:30	3.9	309.8	2.8
01:45	3.85	306	2.7
02:00	3.85	315.5	3.7
02:15	3.7	302	2.3
02:30	3.8	324.2	3.6
02:45	3.75	302.1	2.4
03:00	3.75	305.6	2.6
03:15	3.75	295.7	2.2
03:30	3.85	291.1	2.3
03:45	3.8	281.4	2.2
04:00	3.75	266	2.2
04:15	3.65	262.8	2.2
04:30	3.5	276.3	1.8
04:45			
05:00	3.25	269.9	2.6
05:15	3.9	266.1	3
05:30	4.7	237.8	3.4
05:45	5.25	226.2	4.4
06:00	5.9	219.2	4.7
06:15	5.8	216.5	5.2
06:30	6.55	218	5.9
06:45			4.1
07:00	8	231.2	10.8
07:15	8.1	230.6	11.4
07:30	8.95	234.6	11.9
07:45	9.363	234	13.8
08:00			
08:15	8.85	218.1	12
08:30			10.5
08:45	9.45	219.7	12.3
09:00	9	214	10
09:15	9.7	243.4	21.9
09:30	10.5	234	15.9
09:45	10.4	231.3	19.1
10:00	10.65	227.5	17.2
10:15	10	218.3	15.2
10:30	9.45	229.1	19.5
10:45	8.95	226.2	16
11:00	9	252.8	22.4
11:15			
11:30	9.45	239	18.2
11:45	9.2	238.8	19.4
12:00	9.6	251.4	20.9
12:15	9.7	244	18.9
12:30	9.75	251.2	21
12:45	9.5	246.1	18.5
13:00	9.45	243.3	16.8
13:15	9.4	242.3	16.6
13:30	9.2	241.9	17.4
13:45	9.05	246.6	17.1
14:00	8.85	236.1	14
14:15	8.75	251.8	17.2
14:30	8.7	249.9	16.4
14:45	9.25	265.5	19.9
15:00	10	262.7	18.9
15:15	10.7	246.5	15.3
15:30	10.45	230.4	13.1
15:45	9.65	237.5	15.5
16:00	9.05	239.8	12.7
16:15	8.95	241	10.7
16:30	8.2	235.1	8.1
16:45	6.8	223.5	4.6
17:00	5.85	244.5	5.6
17:15	5.35	255.2	5.1
17:30	5.05	271.8	5.5
17:45	4.95	276.8	4.8
18:00	5.1	270	4
18:15	5.2	258.1	3.5
18:30	4.9	246.1	3
18:45	4.5	237.6	2.5
19:00	4.1	236.7	2.2
19:15	3.45	240.7	1.8
19:30	3.05	294.4	2.4
19:45	3	313.2	2.6
20:00	3	321.5	2.3
20:15	3.05	326.4	2.5
20:30	3.1	321.2	2.1
20:45	3.25	318.1	2.4
21:00	3.3	309.3	2
21:15	3.3	291.4	1.7
21:30	3.45	301.3	2.2
21:45	3.4	286.7	1.7
22:00	3.35	297.2	2
22:15	3.4	302.8	2.1
22:30	3.45	304.8	2.1
22:45	3.4	306.6	2.5
23:00	3.5	311.1	2.2
23:15	3.55	310.9	2.3
23:30			
23:45	3.5	316.3	2.9
00:00	3.45	325.5	3
00:15	3.55	328.1	2.8
00:30	3.6	323	2.8
00:45	3.6	326	2.8
01:00	3.7	337.3	3.3
01:15	3.7	314.9	2.3
01:30	3.85	324.3	3.1
01:45	3.8	310.5	2.5
02:00	3.8	298.8	2
02:15	3.85	310.6	3
02:30	3.8	295.9	2.5
02:45	3.9	299.4	3.1
03:00	3.95	306.6	4
03:15	3.95	295.4	3.1
03:30	3.9	284.1	3.1
03:45	4	304.9	4.2
04:00	3.9	277.9	2.8
04:15	3.9	274.2	3.2
04:30	3.75	244.9	1.9
04:45	3.3	220.1	1.1
05:00	3.15	249	1.8
05:15	3.6	259.6	2.9
05:30	4.3	242.1	3.4
05:45	5.125	226.7	3.1
06:00	5.65	220.3	4.3
06:15	6.25	211.4	4.2
06:30	5.95	208	5.3
06:45	6.4	218.5	7.8
07:00			5.7
07:15			4.8
07:30	8.65	233.4	13.5
07:45	8.95	229	12.9
08:00	9.2	238.8	16.2
08:15	9.65	228	13.9
08:30	9.45	233.1	17.2
08:45	9.95	239.1	19.3
09:00	10	237.1	18.9
09:15	10	229.2	16
09:30	10	273	18.9
09:45	9.65	225.6	16.4
10:00	9.55	230.1	18.6
10:15	9.2	241.1	22.3
10:30	9.05	234.6	17.8
10:45	9.45	247.8	20.2
11:00	9.85	250.1	24.1
11:15	10.025	254.2	20.1
11:30	10.05	240.7	19
11:45	9.6	228.9	16.6
12:00	8.925	247.4	18.9
12:15	9	251.6	18.5
12:30	8.9	247.9	17.4
12:45	9	258.7	20.5
13:00	9.15	251.5	17.6
13:15	9.65	267.6	22.5
13:30	9.9	258.3	19.6
13:45	10	257	19.4
14:00	10.45	258.5	22.1
14:15	10.45	250.9	20.1
14:30	10.5	244.9	16.9
14:45	10.2	234.4	15.9
15:00	10.05	252.1	23
15:15	9.7	251	20.1
15:30	9.45	243.5	15.9
15:45	9.45	246.2	14.7
16:00	8.85	242.7	12.4
16:15	8.4	242.7	10.6
16:30			7.9
16:45	6.45	231.7	4.7
17:00	6.2	253.1	7.4
17:15	5.55	260.1	5.5
17:30	5.45	274.8	5.8
17:45	5.2	273.4	4.2
18:00	5.25	280	4.6
18:15	5.25	278.7	4.7
18:30	5.1	273.7	4
18:45	5	269.9	4.4
19:00	4.9	272.1	4.5
19:15	4.7	265.1	3.5
19:30	4.35	265	3.1
19:45	4.15	274.5	2.9
20:00	4	285.4	3.1
20:15	3.95	309.7	3.7
20:30	3.9	320.8	4.1
20:45	3.95	341.4	3.8
21:00	4	336.8	3.3
21:15	4.1	343.6	3.7
21:30	4.15	346.1	3.5
21:45	4.25	348.8	4
22:00	4.25	339.5	3.5
22:15	4.35	354.2	4.7
22:30	4.45	358	5.1
22:45	4.4	349	4.5
23:00	4.45	354.2	4.9
23:15	4.5	337	4.2
23:30	4.55	331.6	4.4
23:45	4.5	322.6	4.2