	foF2	hmF2	TEC
00:00	4.05	340.8	3.4
00:15	3.975	338.8	3
00:30	3.975	344.3	3.2
00:45	3.975	341.4	3.1
01:00	3.975	341.5	3.1
01:15	4.025	371.5	4.5
01:30	4.05	351.6	3.9
01:45	4.05	344.4	3.8
02:00	4.075	331.6	3.4
02:15	4.025	324.2	3.4
02:30	3.2	284.3	1.2
02:45	3.825	332.9	2.9
03:00	3.9	344.3	3.3
03:15	3.8	322.3	2.6
03:30	3.975	335	3.4
03:45	3.95	316.9	2.9
04:00	3.925	311.1	3.1
04:15	3.925	299.1	3
04:30	3.975	291.9	3.4
04:45	4.25	278.4	3.7
05:00	4.925	275.2	5.9
05:15	5.75	242	4.8
05:30	6.55	237.4	6.6
05:45	7.175	228.3	9.7
06:00	7.8	227.1	10
06:15	8.225	220.2	10.2
06:30	8.15	231.2	13.8
06:45	8.563	229.1	13.3
07:00	8.575		
07:15	8.65	234.5	16.7
07:30	9.075	232.8	15.4
07:45	9.363	229.7	15.1
08:00	9.175	228.8	15.8
08:15	9.075	231	16.7
08:30	9.175	250.3	23.4
08:45	9.7	236.7	19.7
09:00	9.788	230.4	16.9
09:15	9.325	220.1	15.1
09:30	9.775	230.7	20.4
09:45	9.413	232.7	18.4
10:00	8.875	234.9	19.5
10:15	9.475	248.8	23
10:30	9.575	245.1	23.2
10:45	9.75	241	24.1
11:00	10.55	248.6	26.4
11:15	9.575	212.6	15.3
11:30	8.675	188.8	10.7
11:45	9.975	213.3	12.1
12:00	9.763	213.2	11
12:15	9.3	209.3	10.4
12:30	9.65	206.3	15.1
12:45	9.25	216.5	13.7
13:00	8.725	230.1	18.4
13:15	8.838	277.7	28.6
13:30	8.963	245.6	17.4
13:45	9.163	253.5	19
14:00	9.138	257.4	20.5
14:15	9.388	259.4	20.8
14:30	9.475	253	18.4
14:45	9.788	249.5	16.5
15:00	9.8	245.3	15.8
15:15	9.8		
15:30	9.813	231.2	11
15:45	9.5	230.6	10.3
16:00	8.975	244.9	13.4
16:15	8.075	237.2	9
16:30	7.075	241.9	7.9
16:45	6.25	236.4	4.5
17:00	5.9	255.4	6.1
17:15	5.7	264.1	5.8
17:30	5.5	249.3	3.7
17:45	5.375	268.2	5.7
18:00	5.025	249	3.1
18:15	4.525	249.5	2.9
18:30	4.05	256.6	2.5
18:45	3.725		
19:00	3.6		
19:15	3.65	305	2.4
19:30	3.625	299.7	2.3
19:45	3.675	298	2.2
20:00	3.675	299.9	2.4
20:15	3.7	296.2	2.1
20:30	3.75	296.8	2.1
20:45	3.675	299.3	2.2
21:00	3.675	306.5	2.1
21:15	3.75	313.9	2.3
21:30	3.85	320.1	2.9
21:45	3.925	311.6	2.5
22:00	3.825	302.3	2.4
22:15	3.7	300.5	1.9
22:30	3.825	324.8	3.3
22:45	3.725	310.8	2.4
23:00	3.75	317.1	2.4
23:15	3.775	329.1	3.1
23:30	3.7	319.9	2.5
23:45	3.775	321.4	2.7
00:00	3.725	320.6	2.8
00:15	3.65	325.1	2.5
00:30	3.675	323.6	2.4
00:45	3.75	339.1	3.3
01:00	3.775	333.9	3.1
01:15	3.775	312.5	2.3
01:30	3.8	314.7	2.6
01:45	3.825	317.8	2.9
02:00	3.85	310.1	2.6
02:15	3.8	306.5	2.5
02:30	3.775	308.9	2.6
02:45	3.9	316	3.2
03:00	3.975	297.1	2.5
03:15	3.875	279.4	2.1
03:30	3.725	273.2	1.9
03:45	3.625	279	2
04:00	3.525		
04:15	3.475	279.1	2.3
04:30	3.4	265.6	2
04:45	3.65	276.7	3
05:00	4.5	251.5	3.4
05:15	5.375	231.4	4.4
05:30	6.025	234.3	6.9
05:45	6.275	217.1	5.6
06:00	6.65	221.3	8.5
06:15	6.625		
06:30	7.6	231.4	10.5
06:45	8.063	229.9	12.7
07:00	8.825		
07:15	9.45	231.4	15.3
07:30	9.713	234.5	17.7
07:45	9.675	227.3	14.5
08:00	9.625	228.4	15.2
08:15	9.475	223.8	14.3
08:30	9.85	248.2	21.9
08:45	9.888	220.5	12.7
09:00	9.813	216.5	13.4
09:15	10.275	242.6	25
09:30	7.3	175	7.5
09:45	9.888	216.4	14.5
10:00	10.175	226.2	19.1
10:15	9.738	224	15.5
10:30	9.825	236.4	20.2
10:45	9.338	236.3	19.7
11:00	9.325	240.6	18.1
11:15	9.3	250.9	21.9
11:30	9.329	264.8	26.8
11:45	10	246.7	20
12:00	9.775	222.3	13.7
12:15	9.85	237.1	18.6
12:30	9.5	249.5	22.4
12:45	9.55		
13:00	8.85	221.6	11.5
13:15	9.188	244.1	18.5
13:30	8.925	241.4	17.5
13:45	8.538	245.1	17.5
14:00	8.85	258.8	20.2
14:15	8.863	251	16.5
14:30	9.088	249.4	15.8
14:45	9.563	253.8	16.4
15:00	10.3	246.8	14.1
15:15	10.188	232	11.7
15:30	9.625	233.4	11.6
15:45	9.775	239.8	11.8
16:00	9.225	231.5	9.8
16:15	8.325	227.3	7.2
16:30	6.875	219.3	4.7
16:45	5.65	243.5	5.3
17:00	5.05		
17:15	4.675	263.3	3.6
17:30	4.525		
17:45	4.7		
18:00	4.85	280.2	3.8
18:15	4.775	271.4	3.8
18:30	4.65	261.6	3.2
18:45	4.525		
19:00	4	252.4	2.5
19:15	3.7	248.6	1.7
19:30	3.125		
19:45	2.975	313.2	1.8
20:00	3.05	318.6	1.9
20:15	3	323.7	1.9
20:30	3.075	334	2
20:45	3.2	319.7	1.8
21:00	3.35	317.6	2.2
21:15	3.35	304.2	2
21:30	3.4	302.9	2.1
21:45	3.45	299	2.1
22:00	3.45	288.8	1.9
22:15	3.325	291.7	1.7
22:30	3.35	317.8	2.4
22:45	3.375	302.5	1.8
23:00	3.425	310.9	2.2
23:15	3.425	305.4	2.1
23:30	3.4	315.9	2.4
23:45	3.425	331	2.8
00:00	3.425	321.2	2.3
00:15	3.475	332.1	2.7
00:30	3.525	326.2	2.4
00:45	3.625	319.6	2.4
01:00	3.625	324.2	2.7
01:15	3.65	321.4	2.5
01:30	3.725	309.1	2.2
01:45	3.7	316.3	2.8
02:00	3.725	314	2.8
02:15	3.7	296.1	2.1
02:30	3.725	287.5	1.8
02:45	3.75	295.3	2.6
03:00	3.75	288.9	2.4
03:15	3.75	287.4	2.6
03:30	3.65	287.6	2.5
03:45	3.6	285.8	2.3
04:00	3.5	265.9	1.9
04:15	3.35	255.8	1.6
04:30	3.3	261.3	2
04:45	3.35	258.2	2.4
05:00	3.975	255	3.3
05:15	4.625	235	4
05:30	5.55	227.6	4.5
05:45	6.413	216.5	6.1
06:00	6.25	215	7
06:15	6.775	216.4	7.7
06:30	6.725	245	13.4
06:45	7.913	225.3	11.2
07:00	8.025	231	13.2
07:15	8.838	236.4	14.3
07:30	9.05	231.6	14.2
07:45	9.2	234.6	16.8
08:00	9.6	239.9	18.7
08:15	9.888	228.8	16.7
08:30	9.425	232	18.6
08:45	10.038	240.6	20.3
09:00	9.888	229.8	18
09:15	9.488	222.2	15.2
09:30	9.925	240.5	21.7
09:45	9.388	222.9	15.3
10:00	9.713	240.3	22.2
10:15	9.5	246.5	25.5
10:30	9.575	240.1	19.9
10:45	9.963	250.4	22.6
11:00	9.725	234	18.8
11:15	8.975	231.9	19.1
11:30	9.875	256.1	24
11:45	9.7	245.1	19.8
12:00	9.475	249.6	20.7
12:15	9.238	244.1	18.6
12:30	9.45	258.6	22.4
12:45	9.425	255	22.5
13:00	9.45	256.2	21.7
13:15	9.275	257.8	21.6
13:30	9.613	267.8	23.8
13:45	9.975	262.1	21.1
14:00	10.063	257.1	19
14:15	9.838	235.8	10.7
14:30	9.6		
14:45	9.363	215.7	7.1
15:00	9.863	220.4	9.6
15:15	9.238	211.7	6.2
15:30	9.5	235.5	14.5
15:45	9.225	235	11.7
16:00	8.325	240.2	11.3
16:15	7.45	236.5	8.3
16:30	6.7	240.3	6
16:45	5.65	238	4.6
17:00	5.075		
17:15	5.05		
17:30	5.075		
17:45	5.075	289.1	4.7
18:00	5.075	281.4	4.1
18:15	5.075	285.4	4.9
18:30	5.15	272.4	3.9
18:45			
19:00	4.725	260.8	3.7
19:15	4.475	256.4	3
19:30	4	257.3	2.7
19:45	3.675		
20:00	3.525		
20:15	3.55		
20:30	3.675	347.5	3.5
20:45	3.7	337.7	2.9
21:00	3.725	339.9	2.8
21:15	3.85	353.4	3.5
21:30	3.9	356.2	3.6
21:45	3.95	354	3.5
22:00	4	354.6	3.6
22:15	4.025	360.2	4
22:30	4.05	361.8	4
22:45	4.1	354.6	3.8
23:00	4.175	351.2	3.8
23:15	4.15	337.8	3.3
23:30	4.1	323.9	2.9
23:45	4.25	332.8	3.7